527
466
1628
453
5
673
647
1507
1008
456
11
2102
1034
1608
1034
1507
2084
1801
1789
333
456
1809
456
1303
1809
473
1639
1368
1368
1368
1759
32
33
40
1544
972
972
38
38
40
41
38
1773
476
45
990
1009
1009
1009
53
54
54
53
54
55
1840
57
59
59
59
1540
1536
1644
388
729
1583
1918
69
69
70
71
70
73
647
75
1789
77
78
1375
1375
81
81
1759
1776
1759
1265
1009
1305
1009
213
1819
516
93
94
1420
737
1655
1931
1366
100
587
102
103
1307
105
105
1858
108
460
2055
1349
571
1420
2050
1303
737
117
120
120
120
121
121
456
456
456
73
453
1093
1098
646
1776
120
1732
1375
1119
1006
446
1368
737
469
1347
142
75
248
1006
1921
1368
1098
737
948
151
152
646
183
1759
1776
157
158
937
160
160
453
1809
165
165
165
167
1746
167
170
1349
1032
2024
336
175
1482
1613
1950
1654
180
1012
1811
183
184
1098
469
645
188
972
1809
1548
192
1517
1149
213
1149
948
413
199
1211
1009
1688
1688
1689
1427
1960
1098
213
1149
1149
1149
213
213
214
215
216
217
218
219
219
219
1485
1880
224
225
226
1776
226
226
645
231
232
1644
102
235
236
1511
238
456
240
240
647
737
1153
248
248
248
248
248
388
1644
2027
590
254
1918
1918
1884
259
259
673
1608
1303
1420
45
45
1211
453
2007
1613
1616
272
272
516
1823
701
473
281
281
281
473
281
1032
283
644
2024
286
287
1451
1006
1511
1511
1511
293
1601
295
1242
937
978
299
968
301
737
1668
438
305
1994
308
308
493
1016
1858
314
314
314
1859
316
2059
1305
1014
2029
1994
453
729
1796
1523
333
685
924
1789
456
1119
473
333
286
1349
336
240
38
1811
340
1759
342
343
1375
345
346
347
348
349
350
351
1585
1420
1540
1884
356
1380
358
1392
360
869
1173
434
910
961
366
1071
368
522
1809
647
372
1098
1291
1789
486
456
378
121
485
976
382
383
384
385
486
1507
388
389
390
948
1016
93
1776
1396
833
948
398
399
400
400
473
400
473
1819
961
1668
1580
1076
2157
1366
948
413
2075
2075
1420
2075
1392
419
497
1375
240
972
453
1368
1098
590
978
175
1009
1921
516
977
434
1032
1366
1776
438
1759
1732
1347
1859
443
466
1391
446
1523
448
1819
460
1427
1375
453
308
456
456
473
473
473
460
333
1347
1347
1139
73
466
1366
469
469
469
214
1544
473
473
673
476
481
481
481
481
481
1392
2080
961
485
486
976
488
1014
1124
522
492
493
456
1477
1801
497
1746
936
500
2141
502
486
945
1265
506
506
508
508
59
1360
460
513
1302
1921
516
644
862
519
1773
1715
522
1593
645
527
1420
527
434
529
530
530
1100
1473
1210
1210
1012
1452
1012
869
540
1800
542
542
544
1034
948
948
548
453
1639
55
552
553
1450
555
557
557
860
1759
2167
1523
562
1221
564
1115
1115
2163
1108
1396
1016
571
1396
81
579
577
577
577
577
579
81
2157
2024
584
584
1034
590
587
588
1580
590
469
590
1994
1491
2050
1142
1709
1641
990
924
631
602
2059
2080
1071
1580
961
1034
937
978
937
990
1016
1396
1451
616
1368
1368
1807
1347
2012
968
623
1307
844
2163
844
644
629
1368
631
632
633
634
1593
636
1115
2038
1014
642
642
642
643
644
645
646
647
602
937
1149
1709
1709
2151
961
1347
1396
1115
469
2163
1390
1360
522
1391
1093
1139
493
1863
668
1950
2141
671
672
673
674
1477
646
677
1728
1366
862
719
682
843
782
685
1941
854
821
793
821
719
793
693
824
821
824
701
698
844
824
701
1246
824
793
793
821
821
843
837
701
1331
835
713
682
764
753
843
844
719
833
752
793
729
843
793
1265
682
682
729
698
843
793
835
843
756
793
737
793
793
824
719
833
682
833
843
854
698
748
698
756
824
752
753
843
844
756
837
824
1333
729
821
824
2007
764
793
821
682
729
837
824
821
814
1940
854
793
764
729
793
854
764
824
782
719
2024
833
793
793
764
789
844
843
843
793
748
833
824
814
1540
1941
729
789
682
833
824
756
698
821
821
844
824
837
837
843
814
701
756
844
833
835
833
821
843
793
824
748
752
793
764
821
844
848
756
833
685
835
1940
837
729
729
793
854
685
843
844
737
793
1246
848
756
789
719
789
835
854
837
821
764
793
859
860
2038
862
863
476
865
1115
937
868
869
870
213
2075
2084
2084
1583
2024
2084
2084
868
948
1880
961
219
1601
978
886
887
888
887
892
1485
892
1391
1807
2167
1451
1139
1360
756
453
1348
902
2056
1349
1420
55
214
2012
909
910
948
1509
913
926
915
1556
1695
1776
1811
2086
1715
961
1485
924
469
926
1009
926
1119
1093
931
469
1728
456
453
936
937
346
527
1880
936
1006
1523
1349
945
931
1014
948
308
1451
951
1139
456
456
456
456
469
1375
75
1375
961
1548
1809
1477
860
1119
647
968
968
1950
972
972
1360
1076
1360
976
977
978
434
1375
981
1855
983
729
1482
986
990
990
1034
990
990
990
1034
1034
1034
1034
1034
1034
1034
1034
1034
1034
1034
1034
990
1006
2038
1008
1009
968
1348
1012
1776
1014
1921
1016
1819
1420
1593
486
1391
1392
333
1451
1608
1026
1026
1028
519
961
1391
1032
1477
1034
1034
1034
1034
1071
990
1071
434
1789
1819
1044
2024
990
1034
990
990
990
990
1034
1034
1034
1034
1034
1034
1034
1034
1034
1034
1034
1034
990
990
1034
1034
1034
1034
1071
1071
1071
2163
1076
2163
1076
948
937
1880
1880
1139
443
400
456
55
2038
2038
1796
2163
2167
1396
527
1093
1093
910
1427
1097
1098
1098
1100
1994
1348
2056
1421
1654
2012
2027
1108
937
2068
93
2059
1420
961
1115
1759
1117
1759
1119
1420
120
1360
1921
1124
1125
990
1855
2029
2065
2038
961
456
1796
469
1119
1014
2027
1823
1139
1789
2027
1142
1143
1143
1477
990
1715
2038
1149
1149
1149
1149
1153
1153
1585
1515
1225
2086
1159
1495
2056
1162
1601
1165
1165
1165
1165
1789
860
1590
1800
1800
1173
1174
1174
1093
719
1348
1179
1180
1181
1348
1688
1185
1185
2056
977
862
1190
1190
1195
1190
1190
2027
1195
1303
1190
1190
915
1477
1552
1195
183
748
1590
1590
1210
1732
1210
1210
1211
1593
1213
1221
1859
1216
1217
1221
1219
1220
1221
1224
1224
1224
1225
1536
1307
1507
1811
1627
1523
1232
1233
1233
1507
1580
1302
1238
1349
1241
1241
1242
1241
1242
1509
1246
1247
1248
1576
1307
1327
1811
862
542
1420
1540
1257
1522
1259
1259
1259
1580
1796
1482
1265
1668
2141
1776
1302
1271
1271
1485
1277
1275
1275
623
1277
1697
1915
1697
2050
1556
1283
1451
1303
862
1485
1303
2027
1290
1291
1303
1303
1195
1190
1668
1987
1290
1949
1507
1301
1302
1303
1627
1305
1302
1307
1265
1210
1732
1302
38
1313
1627
1511
2110
1859
1318
1319
1320
1451
1322
1224
1324
1324
1324
1327
843
793
843
1331
713
1333
835
835
756
756
814
693
753
753
764
1108
1009
120
522
1347
1348
1349
456
1368
1884
2056
1354
1009
1347
1347
860
1495
1360
1361
1368
1363
1291
1931
1366
2038
1368
493
486
466
469
1348
2056
1375
1776
213
1378
1093
1380
1580
961
977
183
527
1349
945
2056
961
1390
1391
1392
1800
1394
1006
1396
1303
486
1098
1400
469
1392
2068
1732
1014
1406
469
1347
1801
2157
961
1119
1277
1414
1855
1378
1012
1921
1016
1420
1421
1807
1093
647
1076
1759
1427
737
1654
2167
1431
948
1433
1668
961
1436
1436
1108
1108
1108
1855
1071
388
1303
1446
1446
1391
1391
527
1450
1451
1452
1347
1776
1583
1796
1796
530
1921
1880
1461
1390
1451
486
1465
1139
1634
1468
1800
571
1115
862
1473
527
1032
2056
1477
1142
602
1482
1482
1482
1507
1482
1485
1511
1485
1515
1485
1495
1491
1492
1493
1494
1495
1507
1507
1507
1507
972
1501
1501
1773
1507
1507
469
1507
1509
1509
1510
1511
1511
1511
1515
1515
1515
1517
2050
1519
1520
1522
1522
1523
1840
2086
2141
1527
1523
1840
1691
1531
1531
1522
1987
1535
1536
1535
1536
1540
1540
1540
1544
1546
1544
1544
1546
2102
1548
1552
1552
1552
1552
1556
1556
647
1556
1556
1556
1556
1560
1556
1560
1556
1556
1556
1556
1556
1580
1556
1556
1556
1556
1560
1556
1556
1576
1577
1580
1580
1580
1583
1583
1583
1522
1585
1585
1590
1303
1590
1590
1536
1593
1593
1593
1597
1307
1597
1690
1604
1522
1601
1602
1560
1604
1604
1608
1608
1608
646
1610
1616
1619
1613
1613
1619
1616
1619
1616
1619
1619
1619
1619
1619
1619
1619
1627
1627
1628
1691
1627
1174
1628
1627
1634
1987
915
915
1639
1639
1641
1641
1641
910
1644
1644
1646
1950
1644
1644
1646
1644
1668
1654
1654
1655
1654
1655
1654
1655
1654
1668
1668
1654
1654
1668
1655
1654
1668
1668
1668
1668
1654
1655
1900
1931
1655
1366
1678
1689
1688
1689
1688
1689
1688
1689
1689
1689
1688
1689
1690
1691
1695
1690
1691
1695
2086
1697
1698
1715
1723
1715
1702
1720
1715
1709
1715
1723
2082
1709
1715
1716
1723
1715
1702
1715
1716
1720
1715
1715
1720
1715
1720
1723
1728
1726
1726
1728
1728
1732
1210
1740
1732
1210
1740
1732
1740
1732
1732
1210
1740
1776
1139
1769
1769
1746
1746
1769
1769
1776
1746
1779
1773
1776
1746
1759
1759
1773
1758
1759
1773
1776
1776
1759
2152
1769
1769
1522
1769
1769
1769
1776
1776
1773
1779
2152
1776
1779
2152
1779
1780
1789
1780
1789
1785
1785
1785
1785
1788
1789
1811
1811
1788
1789
1809
1809
1796
1789
1801
1801
1800
1801
1800
1801
456
1796
1809
1807
1809
1809
1789
1811
1277
516
1855
1819
1823
1819
1823
1819
1819
1823
1858
1823
1855
1825
1835
1855
1857
1857
1858
1859
1858
1857
1859
1835
1855
1819
1858
1839
1840
1839
1855
1840
1839
1855
1840
1839
1855
1840
1858
1819
1855
1825
1835
1855
1835
1857
1858
1859
1835
1858
1884
1863
1863
1863
2024
1863
1863
1863
1918
1918
2007
1987
1931
1931
1918
1918
2007
2027
1880
1880
1884
1884
1884
1884
1884
1884
2012
2012
2012
1863
2027
1884
2024
2029
1900
2024
1900
1884
1900
1884
1884
2029
2029
2024
1900
1884
2012
2012
1931
1931
2024
2024
1987
1915
1918
1918
1918
1921
1921
1921
1949
1950
1940
1941
1884
1931
1940
1941
1931
1931
1884
1950
1950
1949
1949
1950
1880
1949
1940
1941
1949
1950
1950
1949
1940
1941
2029
1949
1950
1931
1949
1950
1940
1941
2029
1950
1950
1949
1960
1960
1918
1863
2024
1960
1966
1884
2029
2027
2029
2007
1972
1884
1987
2029
1884
2029
2007
2029
1972
2029
2029
2027
713
1884
1884
1987
1884
1987
2024
1931
1987
2024
1994
1994
1918
1994
1931
1931
2029
2005
2012
2005
2012
2005
2012
2007
1931
2027
1863
2012
2012
2027
1884
2027
1884
1884
2024
2012
2012
1950
2024
2024
2024
2027
1884
2027
2029
2029
2029
1918
1987
2029
2029
2059
2059
1119
2038
2039
2065
2038
2065
2039
2038
2039
2038
2050
2075
1420
2050
2075
1540
2050
2075
2055
2056
2075
2059
2059
2068
2076
2050
2055
2068
2065
2055
2065
2068
2065
2055
2075
2072
2075
2075
2075
2076
2076
2078
2068
2080
2084
2082
2083
2084
2084
2086
2012
1507
1173
2090
1485
1857
1840
2094
2095
1940
1544
1546
1544
1544
1546
2102
2134
2118
2141
2129
2133
2121
2123
2110
2121
2110
2123
2121
2110
2123
2121
2118
2110
2123
2121
2110
2123
2134
2118
2134
2129
2134
2129
2130
2118
2133
2133
2134
2130
2129
2121
2118
2110
2123
2141
2121
2123
2121
2123
2110
1655
2121
2110
2123
2151
2152
1779
1811
2055
1324
2157
1366
1536
2160
2161
1931
2163
1740
2165
1348
2167
1634
2169
2170
1688
2172
590
1391
1026
1779
