1431
410
3
1130
5
594
571
413
900
402
11
1574
921
1345
921
1561
1454
1448
290
402
1459
402
23
1459
417
1363
1197
1197
1197
1430
31
32
38
867
867
36
36
38
39
36
1431
420
43
882
48
49
49
48
49
50
51
52
54
54
54
1314
1370
1371
649
61
61
62
63
62
65
571
67
1448
69
70
1443
72
72
1430
1430
1125
77
1150
220
192
1463
457
83
84
1237
657
1375
384
89
519
91
92
93
94
406
1536
505
505
1237
1069
657
102
105
105
105
106
106
402
402
402
65
972
186
570
1262
105
400
1229
898
394
1197
384
413
105
125
67
77
898
1502
1197
186
657
851
134
135
570
164
1430
1424
378
141
842
143
143
3
1459
148
148
148
150
1424
150
153
1208
363
1521
293
158
1291
657
161
902
296
164
186
413
569
168
867
1459
1321
1305
1026
192
1026
851
177
178
1431
77
1392
1392
1393
1244
185
186
192
1026
1026
1026
192
192
193
194
195
196
197
198
960
200
201
202
1128
202
202
569
207
208
91
210
211
212
402
214
214
571
657
220
220
220
220
220
223
224
225
227
227
594
1345
600
1237
43
43
1431
566
1519
776
238
240
240
457
1465
621
417
246
246
417
246
249
250
568
1521
253
254
1294
898
1242
867
259
842
872
1359
263
657
1126
386
267
400
164
905
273
273
273
274
275
1538
984
964
672
649
1452
1097
290
652
831
1448
402
996
417
290
253
292
293
214
36
296
297
1430
299
300
67
302
303
304
305
306
307
308
1237
1314
1521
312
313
314
1214
316
788
1049
467
824
882
322
918
324
1213
326
360
328
186
330
1448
430
964
334
106
429
871
338
339
340
341
430
343
344
851
905
83
1430
1217
753
851
352
353
246
246
417
246
417
1463
360
1375
534
363
1626
1191
851
1552
1552
1237
1552
1214
372
440
214
867
1197
186
378
872
158
1502
457
467
384
1262
386
1430
1086
105
1470
391
410
1213
394
395
396
1463
406
1244
400
402
402
417
417
417
406
290
1016
65
410
384
413
413
413
193
1317
417
417
594
420
425
425
425
425
425
1214
1557
918
429
430
871
432
433
1001
1082
436
402
1286
105
440
1424
442
443
444
430
848
1125
448
448
450
450
54
1191
406
455
1502
457
568
992
1431
1082
1338
569
971
1237
1262
467
468
469
469
979
1283
1086
1086
902
1263
902
788
479
480
481
481
483
921
851
851
487
1363
489
490
491
493
493
779
1430
1633
497
1097
499
992
992
1629
1217
905
505
1217
72
513
511
511
511
511
513
72
1521
1326
1326
921
519
1531
534
1639
413
524
1019
1404
1365
882
831
400
531
1538
1557
534
534
918
921
842
872
842
882
905
1217
413
545
1197
1197
984
957
550
551
764
1629
764
568
556
1197
558
559
1338
561
992
1217
433
566
566
567
568
569
570
571
531
842
1026
1404
1404
1621
918
1452
1217
600
413
1212
1191
600
972
1016
960
1488
590
591
592
593
594
595
1286
570
840
599
600
639
602
763
702
649
1504
699
741
713
741
639
713
613
763
741
716
621
618
764
716
621
1112
716
713
713
741
741
763
757
621
1169
755
633
602
776
673
763
716
639
753
672
652
649
763
713
1125
602
602
649
618
763
652
755
763
676
713
657
713
713
716
639
753
602
753
763
699
618
668
618
676
764
672
673
763
764
676
757
716
1171
649
741
716
1519
776
716
741
602
649
757
716
741
734
1492
699
713
776
649
652
699
776
716
702
639
1521
753
713
652
776
721
764
763
763
713
668
753
716
734
718
1504
649
721
602
753
763
676
618
741
741
764
713
757
757
763
734
621
676
764
1492
755
753
741
652
713
716
668
672
713
776
741
764
751
676
753
649
755
1492
757
649
649
652
699
649
763
764
657
713
1112
751
676
721
639
755
699
757
741
776
713
778
779
1217
992
782
420
784
992
842
787
788
789
192
1552
1561
1561
1521
1561
1561
787
851
1492
360
801
802
872
804
805
806
805
810
810
810
1286
1016
1191
676
1210
816
1183
980
1237
50
193
1633
823
824
851
467
827
833
360
1294
831
413
833
220
833
996
972
838
413
840
402
842
303
1262
1492
413
1531
848
838
433
851
852
1016
402
402
402
402
413
67
1443
1321
1286
779
1229
571
867
867
1191
363
1191
871
872
917
1483
875
649
1291
878
882
882
921
882
882
882
921
921
921
921
921
921
921
921
921
921
921
921
882
898
1531
900
1183
902
1128
1502
905
1463
1237
1338
430
1213
1214
290
413
1345
915
915
917
918
1213
1286
921
921
921
921
882
467
1448
1463
1521
882
921
882
882
882
921
921
921
921
921
921
921
921
921
921
921
921
882
882
921
921
921
921
534
534
1629
1242
957
851
842
960
1016
391
963
964
1531
1217
1452
1629
1633
1217
971
972
972
824
1244
976
186
186
979
980
1183
1238
384
984
1488
842
1525
83
1538
1237
882
992
1430
994
1430
996
1237
105
1191
1502
1001
1002
918
1483
649
1543
1183
918
402
1452
413
996
433
652
1465
1016
1448
1557
1019
1020
1020
1286
882
1400
1531
1026
1026
1026
1026
220
782
1205
1294
1101
1070
1036
1062
1038
1043
1043
1043
1043
1043
1448
779
1082
480
480
1049
1050
1050
972
639
1183
1055
1056
1057
1183
1392
1061
1061
1062
1063
600
1069
1069
1071
1069
1069
1070
1071
1142
1514
1069
1574
1286
1325
1071
164
668
1082
1082
1086
1086
1086
1086
1431
1338
1089
1097
1470
1092
1093
1097
1095
1096
1097
1099
1099
1099
1101
1102
1103
1103
1105
1413
1107
1062
1111
1470
1111
1112
1113
1114
1332
1165
1142
481
1237
721
1121
1122
1452
1291
1125
1126
1127
1128
1130
1130
1134
1132
550
1134
1396
1136
1396
1138
1574
1069
1142
1142
1069
1069
1071
1069
1070
413
1149
1150
1125
1086
36
1154
1155
1581
1157
1158
1159
1160
1294
1162
1162
1162
1165
763
713
763
1169
633
1171
755
755
676
676
734
613
673
673
776
105
1082
1183
1208
402
1197
1187
105
105
779
1191
1192
1197
1194
384
980
1197
960
430
410
413
1183
1262
192
1205
971
971
1208
848
1210
882
1212
1213
1214
1215
1216
1217
23
430
1220
413
1214
1208
1415
413
105
1454
1626
1229
1134
1231
1483
1205
902
1502
905
1237
1238
1239
972
571
1242
1430
1244
384
384
1633
1248
851
1250
1463
360
1253
600
600
600
23
1259
1259
1213
1213
1262
1263
105
1262
1452
1452
469
1502
1492
1271
1212
1273
430
1275
1016
1358
1278
1279
505
600
1142
1283
1262
980
1286
1019
531
1291
1291
1291
1291
1294
1294
1295
1296
1297
867
1299
1299
413
1302
1294
1294
1305
1306
1307
1308
1309
1310
1311
1312
1312
1314
1317
1319
1317
1317
1319
1574
1321
1325
1325
1325
1325
1326
571
1328
1335
1326
1326
1332
1333
1335
1335
1082
1082
1338
1341
1359
1341
1341
1345
1345
1345
570
1350
1350
1350
1350
1350
1350
1350
1350
1350
1350
1050
1358
1359
1360
1393
1363
1363
1365
1365
1365
824
1371
1371
1370
1371
1371
1370
1371
1375
657
649
1375
1495
751
1375
657
1383
1393
1392
1393
1392
1392
1393
1393
1393
1392
1393
1395
1395
1396
1397
1398
1410
1400
1404
1400
1403
1404
1400
1409
1407
1398
1409
1410
1410
1413
1413
1086
1415
1415
1086
1424
1016
1435
1424
1424
1435
1424
1424
1430
1430
1431
1429
1430
1431
1430
1622
1435
1435
1424
1424
1622
1439
1448
1439
1448
1443
1443
1443
1443
1447
1448
1623
1447
1448
1452
1448
1454
1454
480
1452
1459
1459
457
1483
1465
1463
1465
1465
1469
1483
1469
1469
1470
1469
1470
1473
1483
1475
1475
1483
1475
1475
1483
1294
1473
1483
1473
1488
1488
1521
1488
1488
1519
1519
1492
1488
1495
1495
1521
1495
1521
1514
1502
1502
1502
1504
1504
1504
1488
1521
699
1519
1510
1510
741
633
1514
1521
1521
1517
1517
1519
1521
1521
1514
1538
996
1525
1543
1531
1543
1525
1525
1531
1552
1237
1552
1552
1536
1538
1538
1229
1553
1536
1525
1543
1536
1543
1543
1536
1552
1229
1552
1552
1552
1553
1553
1555
1556
1557
1561
1565
1560
1561
1561
1049
1564
1565
1566
1565
1568
1569
1319
1317
1317
1319
1574
1605
1589
1600
1604
1592
1594
1581
1592
1581
1594
1592
1581
1594
1592
1589
1581
1594
1592
1581
1594
1605
1589
1605
1600
1605
1600
1601
1589
1604
1604
1605
1601
1600
1592
1589
1581
1594
1592
1594
1592
1594
1581
1375
1592
1581
1594
1621
1622
1623
1536
1162
1626
1627
1628
1629
253
1631
1183
1633
1358
1635
1636
1392
1638
1639
1213
915
